name: simalign
channels:
  - conda-forge
  - defaults
dependencies:
  - blinker=1.8.2=pyhd8ed1ab_0
  - blosc=1.21.6=h85f69ea_0
  - bzip2=1.0.8=h2466b09_7
  - ca-certificates=2024.8.30=h56e8100_0
  - click=8.1.7=win_pyh7428d3b_0
  - colorama=0.4.6=pyhd8ed1ab_0
  - flask=3.0.3=pyhd8ed1ab_0
  - freetype=2.12.1=hdaf720e_2
  - glew=2.1.0=h39d44d4_2
  - glib=2.82.2=h7025463_0
  - glib-tools=2.82.2=h4394cf3_0
  - glm=0.9.9.8=h181d51b_0
  - gst-plugins-base=1.24.7=hb0a98b8_0
  - gstreamer=1.24.7=h5006eae_0
  - hdf4=4.2.15=h5557f11_7
  - hdf5=1.14.4=nompi_hd5d9e70_103
  - icu=75.1=he0c23c2_0
  - importlib-metadata=8.5.0=pyha770c72_0
  - intel-openmp=2024.2.1=h57928b3_1083
  - itsdangerous=2.2.0=pyhd8ed1ab_0
  - jinja2=3.1.4=pyhd8ed1ab_0
  - krb5=1.21.3=hdf4eb48_0
  - libaec=1.1.3=h63175ca_0
  - libblas=3.9.0=25_win64_mkl
  - libcblas=3.9.0=25_win64_mkl
  - libclang13=19.1.3=default_ha5278ca_0
  - libcurl=8.10.1=h1ee3ff0_0
  - libffi=3.4.2=h8ffe710_5
  - libglib=2.82.2=h7025463_0
  - libhwloc=2.11.1=default_h8125262_1000
  - libiconv=1.17=hcfcfb64_2
  - libintl=0.22.5=h5728263_3
  - libintl-devel=0.22.5=h5728263_3
  - libjpeg-turbo=3.0.0=hcfcfb64_1
  - liblapack=3.9.0=25_win64_mkl
  - libnetcdf=4.9.2=nompi_he239ae6_115
  - libogg=1.3.5=h2466b09_0
  - libpng=1.6.44=h3ca93ac_0
  - libsqlite=3.47.0=h2466b09_1
  - libssh2=1.11.0=h7dfc565_0
  - libvorbis=1.3.7=h0e60522_0
  - libxml2=2.13.4=h442d1da_2
  - libzip=1.11.2=h3135430_0
  - libzlib=1.3.1=h2466b09_2
  - lz4-c=1.9.4=hcfcfb64_0
  - markupsafe=3.0.2=py310h38315fa_0
  - mkl=2024.2.2=h66d3029_14
  - numpy=2.1.3=py310h1ec8c79_0
  - openssl=3.3.2=h2466b09_0
  - packaging=24.1=pyhd8ed1ab_0
  - pcre2=10.44=h3d7b363_2
  - pip=24.3.1=pyh8b19718_0
  - ply=3.11=pyhd8ed1ab_2
  - pmw=2.0.1=py310h5588dad_1008
  - pthreads-win32=2.9.1=h2466b09_4
  - pymol-open-source=3.0.0=py310h79c6520_8
  - pyqt=5.15.9=py310h1fd54f2_5
  - pyqt5-sip=12.12.2=py310h00ffb61_5
  - python=3.10.15=hfaddaf0_2_cpython
  - python_abi=3.10=5_cp310
  - qt-main=5.15.15=h264fbc2_0
  - setuptools=75.1.0=pyhd8ed1ab_0
  - sip=6.7.12=py310h00ffb61_0
  - snappy=1.2.1=h23299a8_0
  - tbb=2021.13.0=hc790b64_0
  - tk=8.6.13=h5226925_1
  - toml=0.10.2=pyhd8ed1ab_0
  - tomli=2.0.2=pyhd8ed1ab_0
  - ucrt=10.0.22621.0=h57928b3_1
  - vc=14.3=ha32ba9b_22
  - vc14_runtime=14.40.33810=hcc2c482_22
  - vs2015_runtime=14.40.33810=h3bf8584_22
  - wheel=0.44.0=pyhd8ed1ab_0
  - xz=5.2.6=h8d14728_0
  - zipp=3.20.2=pyhd8ed1ab_0
  - zlib=1.3.1=h2466b09_2
  - zstd=1.5.6=h0ea2cb4_0
  - pip:
      - alembic==1.14.0
      - apscheduler==3.10.4
      - arrow==1.3.0
      - bio==1.7.1
      - biopython==1.84
      - biothings-client==0.3.1
      - certifi==2024.8.30
      - charset-normalizer==3.4.0
      - dateparser==1.2.0
      - datetime==5.5
      - dnspython==2.7.0
      - docutils==0.21.2
      - dominate==2.9.1
      - email-validator==2.2.0
      - flask-bootstrap==3.3.7.1
      - flask-mail==0.10.0
      - flask-migrate==4.0.7
      - flask-moment==1.0.6
      - flask-sqlalchemy==3.1.1
      - flask-wtf==1.2.2
      - gprofiler-official==1.0.0
      - greenlet==3.1.1
      - idna==3.10
      - mako==1.3.6
      - moment==0.12.1
      - mygene==3.2.2
      - pandas==2.2.3
      - platformdirs==4.3.6
      - pooch==1.8.2
      - python-dateutil==2.9.0.post0
      - pytz==2024.2
      - regex==2024.9.11
      - requests==2.32.3
      - scipy==1.14.1
      - six==1.16.0
      - sqlalchemy==2.0.36
      - statistics==1.0.3.5
      - times==0.7
      - tqdm==4.66.6
      - types-python-dateutil==2.9.0.20241003
      - typing-extensions==4.12.2
      - tzdata==2024.2
      - tzlocal==5.2
      - urllib3==2.2.3
      - visitor==0.1.3
      - werkzeug==3.0.6
      - wtforms==3.2.1
      - zope-interface==7.1.1
prefix: C:\Users\onewi\miniconda3\envs\simalign
